1,0.0733387370400893,-0.987763104683677,0.999823056926982,-0.17566458504652,-0.392741461645302,-0.119710161049732,0.013581626220091
0.0733387370400893,1,0.0566761740074925,0.0551657716427138,0.958839000027703,0.879863367377729,-0.967038383523072,-0.989471782852425
-0.987763104683677,0.0566761740074926,1,-0.989535240093538,0.311894120239245,0.516761368899463,0.0155791680918763,-0.15209188378183
0.999823056926982,0.0551657716427138,-0.989535240093538,1,-0.192711240876752,-0.408672673733536,-0.10101322722033,0.031115189547872
-0.17566458504652,0.958839000027703,0.311894120239245,-0.192711240876752,1,0.974316394083521,-0.880012690414977,-0.986386205925916
-0.392741461645301,0.879863367377729,0.516761368899463,-0.408672673733536,0.974316394083521,1,-0.79720617753857,-0.924716044414479
-0.119710161049732,-0.967038383523072,0.0155791680918763,-0.10101322722033,-0.880012690414977,-0.79720617753857,1,0.923614419085652
0.013581626220091,-0.989471782852425,-0.15209188378183,0.031115189547872,-0.986386205925916,-0.924716044414479,0.923614419085652,1
