1,0.926661262959911,0.0122368953163234,0.000176943073018198,0.82433541495348,0.607258538354698,0.880289838950268,0.986418373779909
0.926661262959911,1,0.943323825992507,0.944834228357286,0.0411609999722969,0.120136632622271,0.0329616164769276,0.0105282171475751
0.0122368953163234,0.943323825992507,1,0.0104647599064624,0.688105879760755,0.483238631100537,0.984420831908124,0.84790811621817
0.000176943073018198,0.944834228357286,0.0104647599064624,1,0.807288759123248,0.591327326266464,0.89898677277967,0.968884810452128
0.82433541495348,0.0411609999722969,0.688105879760755,0.807288759123248,1,0.0256836059164788,0.119987309585023,0.0136137940740842
0.607258538354698,0.120136632622271,0.483238631100537,0.591327326266464,0.0256836059164788,1,0.20279382246143,0.0752839555855212
0.880289838950268,0.0329616164769276,0.984420831908124,0.89898677277967,0.119987309585023,0.20279382246143,1,0.0763855809143483
0.986418373779909,0.0105282171475751,0.84790811621817,0.968884810452128,0.0136137940740842,0.0752839555855212,0.0763855809143483,1
